ID,Author,Title,Year
SHAFWF,Stewart Shapiro,Foundations Without Foundationalism: A Case for Second-Order Logic,1991
SHAPOM-18,Stewart Shapiro,Philosophy of Mathematics: Structure and Ontology,1997
BROTLO-31,James Robert Brown,The Laboratory of the Mind: Thought Experiments in the Natural Sciences,1991
POISAM-2,Henri Poincare?,Science and Method,1952
WANALJ,Hao Wang,"A Logical Journey: From G\""{o}del to Philosophy",1996
HERWIM,Reuben Hersh,"What is Mathematics, Really?",1997
COLAIT-5,Mark Colyvan,An Introduction to the Philosophy of Mathematics,2012
DETCTD,Silvia de Toffoli,?Chasing? the Diagram--the Use of Visualizations in Algebraic Reasoning,2017
OPPPPO-2,Graham Robert Oppy,Philosophical Perspectives on Infinity,2006
Arnold2013-FROCTA,Greg Frost{-}Arnold,"Carnap, Tarski, and Quine at Harvard: Conversations on Logic, Mathematics, and Science",2013
BERTJF,Philipp Berghofer,The Justificatory Force of Experiences: From a Phenomenological Epistemology to the Foundations of Mathematics and Physics,2022
ABEVTO,Andrew Aberdein and Colin Jakob Rittberg and Fenner Stanley Tanswell,Virtue Theory of Mathematical Practices: An Introduction,2021
WANROK,Hao Wang,"Reflections on Kurt G\""{o}del",1990
LIVTEF,Eric Livingston,The Ethnomethodological Foundations of Mathematics,1986
PETGP,S. R. Peterson,Godel's Proof,1961
PIAEET,Manuela Piazza and Pierre Pica and V\'{e}ronique Izard and Elizabeth Spelke and Stanislas Dehaene,Education Enhances the Acuity of the Nonverbal Approximate Number System,2013
HUSPDA-2,E. G. Husserl,Philosophie der Arithmetik,1891
HUSPDA,E. S. Husserl,Philosophie der Arithmetik,1892
LEAAPO,Jonathan Lear,Aristotle?s Philosophy of Mathematics,1982
BERTGP,Francesco Berto,"The G\""{o}del Paradox and Wittgenstein's Reasons",2009
LAUMIA-2,Albert Lautman,"Mathematics, Ideas, and the Physical Real",2011
KOELPO,T. Koetsier,Lakatos' Philosophy of Mathematics: A Historical Approach,1991
BENWTS-5,Bruno Bentzen,What Types Should Not Be,2020
WEIMP-5,Simon Weisgerber,Mathematical Progress -- on Maddy and Beyond,2023
BENODW,Bruno Bentzen,On Different Ways of Being Equal,2020
POVLOA,Mark Povich,Linnebo on Analyticity and Thin Existence,2024
FLOOSW,Juliet Floyd,"On Saying What You Really Want to Say: Wittgenstein, G\""{o}del and the Trisection of the Angle",1995
DETBI,Michael Detlefsen,Brouwerian Intuitionism,1990
BAKNMI-2,Alan Baker,Non-Deductive Methods in Mathematics,2010
FEFKGC-3,Solomon Feferman,"Kurt G\""{o}del: Conviction and Caution",1984
BASTMF,Piotr B\l{}aszczyk and Mikhail G. Katz and David Sherry,Ten Misconceptions From the History of Analysis and Their Debunking,2013
MORIIC,Thomas Mormann,Idealization in Cassirer's Philosophy of Mathematics,2008
ROUFOM-2,Sophie Roux,Forms of Mathematization: (14Th-17Th Centuries),2010
SHERHA,David Sherry,"Reason, Habit, and Applied Mathematics",2009
HERMHA,Reuben Hersh,Mathematics has a Front and a Back,1991
KLEDAH,Ansten Klev,Dedekind and Hilbert on the Foundations of the Deductive Sciences,2011
SHAROK-3,Stewart Shapiro,Reflections on Kurt Godel,1991
STEERI,Mark Steiner,Empirical Regularities in Wittgenstein's Philosophy of Mathematics,2009
GEOPOM-2,Alexander L. George and Daniel Velleman,Philosophies of Mathematics,2002
HAHLMA,Hans Hahn,"Logic, Mathematics, and Knowledge of Nature",1966
BAKEM-2,Alan Baker,Experimental Mathematics,2008
PASNIT,Alexander Paseau,Naturalism in the Philosophy of Mathematics,2012
CULWIM,Boris Culina,What is Mathematics for the Youngest?,2022
KENOTP-3,Juliette Kennedy and Mark van Atten,"On the Philosophical Development of Kurt G\""{o}del",2014
FITTTA-3,Roderic A. Girle,"Types, Tableaus, and G\""{o}del?s God",2002
VANOTP,Mark van Atten and Juliette Kennedy,"On the Philosophical Development of Kurt G\""{o}del",2003
LWEPPO,"Benedikt L\""{o}we and Thomas M\""{u}ller",Phimsamp: Philosophy of Mathematics: Sociological Aspsects and Mathematical Practice,2010
ROSTOT-2,Steven M. Rosen,Topologies of the Flesh: A Multidimensional Exploration of the Lifeworld,2006
LARWID,Brendan Larvor,What is Dialectical Philosophy of Mathematics?,2001
LIECAA,David Liebesman,Counting as a Type of Measuring,2016
JESBPO,Douglas M. Jesseph,Berkeley's Philosophy of Mathematics,2005
FILEAA-2,Nicolas Fillion and Robert H. C. Moir,Explanation and Abstraction From a Backward-Error Analytic Perspective,2018
COCASO-4,Lorenzo Cocco and Joshua Babic,A System of Axioms for Minkowski Spacetime,2020
ELLANL,David Ellerman,"A New Logic, a New Information Measure, and a New Information-Based Approach to Interpreting Quantum Mechanics",2024
NEZNAA,Rafael N\'{u}~{n}ez,Numbers and Arithmetic: Neither Hardwired nor Out There,2009
TIEKGA,Richard Tieszen,Kurt Godel and Phenomenology,1992
SMIDOL,Daniel W. Smith,"Deleuze on Leibniz : Difference, Continuity, and the Calculus",2005
DETPIN,Michael Detlefsen,Proof: Its Nature and Significance,2008
TIEGAT,Richard Tieszen,"G\""{o}del and the Intuition of Concepts",2002
LARLAH,Brendan P. Larvor,Lakatos as Historian of Mathematics,1997
MIZWIO,Moti Mizrahi,What Isn?T Obvious About ?Obvious?: A Data-Driven Approach to Philosophy of Logic,2019
BOBTCO-2,Susanne Bobzien,The Combinatorics of Stoic Conjunction,2011
MACSHI,Danielle Macbeth,Seeing How It Goes: Paper-and-Pencil Reasoning in Mathematical Practice,2012
YOURER,Palle Yourgrau and Hao Wang,Review Essay: Reflections on Kurt Godelreflections on Kurt Godel,1989
LENPAM,Mary Leng,Phenomenology and Mathematical Practice,2002
VANFAG,Jean Van Heijenoort,"Frege and G\""{o}del: Two Fundamental Texts in Mathematical Logic",1879
TASMAT,Vladimir Tasic?,Mathematics and the Roots of Postmodern Thought,2001
FOLPAT-2,Janet Folina,Poincare? and the Philosophy of Mathematics,1992
BLATNO-2,Max Black,The Nature of Mathematics,1959
SALWPA,Nathan Salmon,"Wholes, Parts, and Numbers",1997
GOLOGW,Warren Goldfarb,"On G\""{o}del's Way In: The Influence of Rudolf Carnap",2005
MIRASE,Starr Clyde Sebial and Joy Mirasol,A Structural Equation Model on Pro-Social Skills and Expectancy-Value of Stem Students,2023
BOCOTC-2,Francesca Boccuni,On the Consistency of a Plural Theory of Frege?s Grundgesetze,2011
HINITC,Jaakko Hintikka,"Is There Completeness in Mathematics After G\""{o}del?",1989
VANPPO-3,Bart Van Kerkhove and Jean Paul Van Bendegem and Jonas De Vuyst,Philosophical Perspectives on Mathematical Practice,2010
TAIGRO,W. W. Tait,"G\""{o}del's Reformulation of Gentzen's First Consistency Proof for Arithmetic: The No-Counterexample Interpretation",2005
KOVGKA,Sre\'{c}ko Kova\vc,"G\""{o}del, Kant, and the Path of a Science",2008
MIZPEA,Moti Mizrahi,"Proof, Explanation, and Justification in Mathematical Practice",2020
FEFKGC-2,Solomon Feferman and John Dawson and Stephen Kleene,"Kurt G\""{o}del: Collected Works Vol. Ii",1990
DETHF,Michael Detlefsen,Hilbert's Formalism,1993
HIPPPA,In\^{e}s Hip\'{o}lito,Proof Phenomenon as a Function of the Phenomenology of Proving,2015
PENGTM,Roger Penrose,"Godel, the Mind, and the Laws of Physics",2011
TATGUP,W. W. Tatt,Godel's Unpublished Papers on Foundations of Mathematics,2001
BORAM-3,Paul Borrill and Leigh Tesfatsion,Agent-Based Modeling: The Right Mathematics for the Social Sciences?,2011
KVACOL,Ladislav Kvasz,Changes of Language in the Development of Mathematics,2000
PINPOM,Christopher Pincock,Philosophy of Mathematics,2011
KENIGC-2,Juliette Kennedy,"Interpreting G\""{o}del: Critical Essays",2014
SCHWHV,Gregor Schiemann,"Wahrheitsgewissheitsverlust. Hermann von Helmholtz' Mechanismus Im Anbruch der Moderne. Eine Studie Zum \""{U}bergang von Klassischer Zu Moderner Naturphilosophie",1997
CONOWP,James Conant,On Wittgenstein's Philosophy of Mathematics,1997
RAAHPR-2,Panu Raatikainen,Hilbert's Program Revisited,2003
SINIEI,Neil Sinclair and Uri D. Leibowitz,Introduction: Explanation in Ethics and Mathematics,2016
CORAAT-5,David Corfield,Argumentation and the Mathematical Process,2002
WRIWPO,Michael Wrigley,Wittgenstein's Philosophy of Mathematics,1977
GILCUO,Camilla K. Gilmore and Elizabeth S. Spelke,Children?s Understanding of the Relationship Between Addition and Subtraction,2008
STEFOM-2,Stewart Shapiro,"Foundations of Mathematics: Metaphysics, Epistemology, Structure",2004
JOHFTF,John W. Dawson and Cheryl A. Dawson,"Future Tasks for G\""{o}del Scholars",2005
TIEMAM,Richard Tieszen,"Monads and Mathematics: G\""{o}del and Husserl",2012
VENMAM-3,Giorgio Venturi and Pedro Yago,Modelling Afthairetic Modality,2024
BENAEM-4,Vieri Benci and Mauro Nasso and Marco Forti,An Euclidean Measure of Size for Mathematical Universes,2007
SCHTPO-225,Fraser MacBride,The Philosophy of Mathematics Today,2003
GURAML-2,Dezs\Ho Gurka,A Missing Link: The Influence of L\'{a}szl\'o Kalm\'{a}r's Empirical View on Lakatos' Philosophy of Mathematics,2006
WILCED-2,Jessica M. Wilson,Could Experience Disconfirm the Propositions of Arithmetic?,2000
ONEWWC,John O'Neill,Worlds Without Content: Against Formalism,1991
SHATAM-4,Stewart Shapiro,Thinking About Mathematics,2001
ABEAIE,Andrew Aberdein and Matthew Inglis,Advances in Experimental Philosophy of Logic and Mathematics,2019
FERAMA,Fernando Ferreira,A Most Artistic Package of a Jumble of Ideas,2008
MONBBO,Ray Monk,"Bourgeois, Bolshevist or Anarchist?: The Reception of Wittgenstein's Philosophy of Mathematics",2007
EKLTMO,Matti Eklund,The Metametaphysics of Neo-Fregeanism,2020
MCrocco2015-ENGKGP,G. Crocco E.{-}M. Engelen,"Kurt G\""{o}del: Philosopher-Scientist",2015
GWIPTI,Jeremy Gwiazda,Picturing the Infinite,manuscript
BEZLU,Jean{-}Yves B\'{e}ziau,Logica Universalis: Towards a General Theory of Logic,2005
GUNHOM,David S. Gunderson,Handbook of Mathematical Induction: Theory and Applications,2010
DUNPOT-2,Katherine Dunlop,Poincar\'e on the Foundations of Arithmetic and Geometry. Part 1: Against ?Dependence-Hierarchy? Interpretations,2016
PETRWA-3,Richard Pettigrew,Reviewed Work(S): An Introduction to the Philosophy of Mathematics by Mark Colyvan,2013
WANROG,Hao Wang,Reflections on G\^{o}del,1987
HINOG,Jaakko Hintikka,"On G\""{o}del",2000
LIVIGA,Mario Livio,Is God a Mathematician?,2009
RNYDOM,Alfre?d Re?nyi,Dialogues on Mathematics,1967
KATMAM,Jerrold J. Katz,Mathematics and Metaphilosophy,2002
FEFKGC-4,Solomon Feferman and John W. Dawson and Stephen C. Kleene and Gregory H. Moore and Robert M. Solovay,"Kurt G\""{o}del: Collected Works, Vol. I: Publications 1929-1936",1998
BARISO,A. G. Barabashev,In Support of Significant Modernization of Original Mathematical Texts (in Defense of Presentism),1997
JAFPAT,Arthur Jaffe,Proof and the Evolution of Mathematics,1997
JFAKAM,J. Fang,Kant as ?Mathematiker?,1986
FRAPOM,Pasquale Frascolla,Philosophy of Mathematics,2001
LINCSR,\O{}ystein Linnebo,Critical Studies/Book Reviews,2003
GURAML,Deszo Gurka,A Missing Link: The Infuence of L\'{a}szl\'o Kalm\'{a}r's Empirical View on Lakatos' Philosophy of Mathematics,2006
DUFDAT-2,Simon B. Duffy,Deleuze and the Mathematical Philosophy of Albert Lautman,2009
LAJOAC,Kaave Lajevardi and Saeed Salehi,On a Certain Fallacy Concerning I-Am-Unprovable Sentences,manuscript
HINARI,Jaakko Hintikka,A Revolution in the Foundations of Mathematics?,1997
DANTOS,"Dani\""{e}l F. M. Strauss",The Ontological Status of the Principle of the Excluded Middle,1991
SHALOM,Stewart Shapiro,"Logic, Ontology, Mathematical Practice",1989
DETOAT,Michael Detlefsen,On a Theorem of Feferman,1980
BAUTIA-2,Robert J. Baum,The Instrumentalist and Formalist Elements of Berkeley's Philosophy of Mathematics,1972
MACTAN,Moshe Machover,Towards a New Philosophy of Mathematics,1983
FRAI-4,Fraser MacBride,"Introduction to Foundations of Logic \& Mathematics, Special Issue",2004
THAMAM,Leslie Tharp,Myth and Mathematics: A Conceptualistic Philosophy of Mathematics I,1989
BENNEO-5,"Gisela Bengtsson and Simo S\""{a}""{a}tel\""a and Alois Pichler",New Essays on Frege: Between Science and Literature,2018
CHAGWE,Gregory J. Chaitin,Goedel's Way: Exploits Into an Undecidable World,2011
CHTITS,Gilles Ch\^{a}telet,"Interlacing the Singularity, the Diagram and the Metaphor. Translated by Simon B. Duffy",2006
WITWLO-2,Ludwig Wittgenstein,"Wittgenstein's Lectures on the Foundations of Mathematics, Cambridge, 1939: From the Notes of R.G. Bosanquet, Norman Malcolm, Rush Rhees, and Yorick Smythies",1975
TILMAT-4,Mary Tiles,Mathematics and the Image of Reason,1991
URTTSL,Gary Urton,The Social Life of Numbers: A Quechua Ontology of Numbers and Philosophy of Arithmetic,1997
DETCWJ,Silvia De Toffoli,Conversation with John P. Burgess,2022
KILSAY,Dimitris Kilakos,Sofia A. Yanovskaya: The Marxist Pioneer of Mathematical Logic in the Soviet Union,2019
MRAP,Gabriele M. Mras and Paul Weingartner and Bernhard Ritter,Preface,2018
BREFBL,Manuel Bremer,Frege's Basic Law V and Cantor's Theorem,manuscript
FRAAAT,James Franklin,"Artifice and the Natural World: Mathematics, Logic, Technology",2006
NAKAAA-2,Anderson Nakano,Anti-Realism and Anti-Revisionism in Wittgenstein?s Philosophy of Mathematics,2020
GARWAP,Arran Gare,Whitehead and Pythagoras,2006
POLMAM-4,Pawe\l Jan Polak,Mathematics and Metaphysics: The History of the Polish Philosophy of Mathematics From the Romantic Era,2021
MORTAE-2,Thomas Mormann,Towards an Evolutionary Account of Conceptual Change in Mathematics: Proofs and Refutations and the Axiomatic Variation of Concepts,2002
DETDIA-4,Michael Detlefsen,"Discovery, Invention and Realism: G\""{o}del and Others on the Reality of Concepts",2011
PEDAMB,Andrea Pedeferri and Michele Friend,Are Mathematicians Better Described as Formalists or Pluralists?,2011
PREPSA,Mike Prest,"Purity, Spectra and Localisation",2009
WHIMIA-8,Graham White,"Mathematics, Isomorphism, and the Identity of Objects",2021
AGATRO-3,Evandro Agazzi,The Rise of the Foundational Research in Mathematics,1974
BALCS,Mark Balaguer,"Review of Mathematics as a Science of Patterns, by M. Resnik",1999
ALBTUO,Albert C. Lewis,"The Unity of Logic, Pedagogy and Foundations in Grassmann's Mathematical Work",2004
KLETWO,Stephen C. Kleene,"The Work of Kurt G\""{o}del",1976
LISCS,Michael Liston,Critical Studies / Book Reviews,2000
BLOAFG,"Benedikt L\""{o}we",A First Glance at Non-Restrictiveness,2001
BELROK,J. L. Bell,Reflections on Kurt Godel,1989
WIEOTN,Norbert Wiener,On the Nature of Mathematical Thinking,1923
RESTSL,Sal Restivo,The Social Life of Mathematics,1988
BUESLR,Otavio Bueno,Second-Order Logic Revisited,
CANBVK,Paola Cant\`u,Bolzano Versus Kant: Mathematics as a Scientia Universalis,2011
STOOTS-2,Abraham D. Stone,On the Sources and Implications of Carnap?s der Raum,2010
KATLIT,Mikhail G. Katz and David Sherry,"Leibniz?s Infinitesimals: Their Fictionality, Their Modern Implementations, and Their Foes From Berkeley to Russell and Beyond",2013
KLJPPO,Roman S. Kljujkov and Sergey F. Kljujkov,Plato?s Philosophy of Cognition by Mathematical Modelling,2014
CROKGP-2,Gabriella Crocco and Eva{-}Maria Engelen,"Kurt G\""{o}del Philosopher-Scientist",2016
JERMRA,Luke Jerzykiewicz,Mathematical Realism and Conceptual Semantics,2012
Menahem2023-BENMJS-2,Yemima Ben{-}Menahem and Carl Posy,"Mark Jay Steiner May 6, 1942 ? April 6, 2020",2023
BAZHOT,Andr\'e Bazzoni,Hintikka on the Foundations of Mathematics: If Logic and Uniformity Concepts,2015
ENGWIT-3,Eva{-}Maria Engelen,"What is the Link Between Aristotle?s Philosophy of Mind, the Iterative Conception of Set, G\""{o}del?s Incompleteness Theorems and God? About the Pleasure and the Difficulties of Interpreting Kurt G\""{o}del?s Philosophical Remarks",2016
On2021-KISTAN,Kati Kish Bar{-}On,Towards a New Philosophical Perspective on Hermann Weyl?s Turn to Intuitionism,2021
PORWSA-2,Andr\'e Porto,Wittgenstein Sobre as Provas Indutivas,2009
KOHSIW,Michael Kohlhase and Andrea Kohlhase,Spreadsheet Interaction with Frames: Exploring a Mathematical Practice,manuscript
ENGKGM,Eva{-}Maria Engelen,"Kurt G\""{o}dels Mathematische Anschauung Und John P. Burgess? Mathematische Intuition",2014
FRITF,Harvey Friedman,1 the Formalization of Mathematics,manuscript
GAISTA,Haim Gaifman,Some Thoughts and a Proposal in the Philosophy of Mathematics,manuscript
LINNMN,\O{}ystein Linnebo,New Model Naturalism,2009
JONOMA-2,Silvia Jonas,"On Mathematical and Religious Belief, and on Epistemic Snobbery",2016
HUGTIQ,Philip Hugly and Charles Sayward,The Internal/External Question,1994
BALSIT-7,Paul Bali,Solutions in the Origins of Math,manuscript
KENKG,Juliette Kennedy,"Kurt G\""{o}del",2008
LARTOW,Brendan Larvor,"Tales of Wonder: Ian Hacking: Why is There Philosophy of Mathematics at All? Cambridge University Press, 2014, 304Pp, \$80 Hb",2015
MORCMC,Thomas Mormann,Carnap's Metrical Conventionalism Versus Differential Topology,2004
PALTSO-11,Stephen R. Palmquist,The Syntheticity of Time: Comments on Fang's Critique of Divine Computers,1989
WOLSLI,Magdalena A. Wolska,Students' Language in Computer-Assisted Tutoring of Mathematical Proofs,2015
FRIGLI,Harvey Friedman,Godel's Legacy in Mathematical Philosophy,manuscript
SCHI-31,Gregor Schiemann and Friedrich Steinle,Introduction: The Empirical and the Formal - Tensions in Scientific Knowledge,2008
MAXWM,Nicholas Maxwell,Wisdom Mathematics,2010
WIGSD,John Wigglesworth,Set-Theoretic Dependence,2015
VANCIN-4,Marij van Strien,Continuity in Nature and in Mathematics: Boltzmann and Poincar\'e,2015
FRIMFY,Harvey Friedman,My Forty Years on His Shoulders,manuscript
MOZNCA,M. Joshua Mozersky,"Nominalism, Contingency, and Natural Structure",2019
FRIPP-3,Harvey M. Friedman,Philosophy 536 Philosophy of Mathematics Lecture 1 9/25/02,unknown
KENI-24,Juliette Kennedy and Gabriel Sandu,Introduction,2003
WAIITM,Friedrich Waismann,Introduction to Mathematical Thinking: The Formation of Concepts in Modern Mathematics,1951
FRIA-2,Harvey M. Friedman,Agenda,unknown
RESQ,Greg Restall,Question,2006
BORACE,Paul Borrill and Leigh Tesfatsion,Agent-Based Modeling: The Right Mathematics for the Social Sciences?,2011
SAYAWP,Charles Sayward,A Wittgensteinian Philosophy of Mathematics,2005
GREWPO,"Felix M\""{u}hlh\""{o}lzer","Wittgenstein?s Philosophy of Mathematics: Felix M\""{u}hlh\""{o}lzer in Conversation with Sebastian Gr\`{e}ve",2014
KATIAO,Mikhail G. Katz and Thomas Mormann,Infinitesimals and Other Idealizing Completions in Neo-Kantian Philosophy of Mathematics,manuscript
STEIPD,Stefano Luzzatto,Is Philosophy Detrimental to Mathematics Education?,1991
TRAGRA,Robert Tragesser,Gian-Carlo Rota and the Phenomenological Philosophy of Mathematics: In Memoriam,2000
MARMAA-8,Peggy Marchi,Mathematics as a Critical Enterprise,1976
SHASIO-2,S. Shapiro and G. Svensson,Special Issue Of,1996
MENACO-2,Karl Menger,A Counterpart of Occam's Razor in Pure and Applied Mathematics Ontological Uses,1960
GROABO-4,Marie Grossi and Montgomery Link and Katalin Makkai and Charles Parsons,A Bibliography of Hao Wang,1998
MCCOTF-3,David Charles McCarty,"On the Failure of Mathematics' Philosophy: Review of P. Maddy, \emph{Realism in Mathematics}; and C. Chihara, Constructibility and Mathematical Existence",1993
FOLGOH,Janet Folina,"G\""{o}del on How to Have Your Mathematics and Know It Too",2014
KRITAM,Martin H. Krieger,Theorems as Meaningful Cultural Artifacts: Making the World Additive,1991
DETMIT,Michael Detlefsen,Mind in the Shadows,1998
JUBIFO,Michael Jubien,Intensional Foundations of Mathematics,1981
BUCTCK,E. Buceniece,"Teodors Celms, Kurt Stavenhagen and Phenomenology in Latvia",2002
GILDIW-2,Donald Gillies and Yuxin Zheng,Dynamic Interactions with the Philosophy of Mathematics,2001
FALTSO,Don Fallis,The Source of Chaitin's Incorrectness,1996
RSDMIO,R. S. D. Thomas,Meanings in Ordinary Language and in Mathematics,1991
SHATGB,Stewart Shapiro,Introduction Ii: \emph{The George Boolos Memorial Symposium: Dedicated to the Memory of George Boolos (1940 9 4-1996 5 27)},1999
YANNPL,Yingrui Yang and Selmer Bringsjord,"Newell's Program, Like Hilbert's, is Dead; Let's Move On",2003
TIECNG-2,R. Tieszen,Critical Notice. Godel's Philosophical Remarks on Logic and Mathematics,1998
MACPPU,Malcolm J. Macleod,Programming Planck Units From a Virtual Electron; a Simulation Hypothesis,2018
FINTSO-5,Kit Fine,The Silence of the Lambdas. Interview with Kit Fine,2011
IFAARH,I. Fang,A ?Racistic? History of Sorts,1991
LANAAO,Iddo Landau,An Answer of Behalf of Guanilo,1992
PATCS,Fabrice Pataut,Critical Studies / Book Reviews,2004
ENGHKG-3,Eva{-}Maria Engelen,"Hat Kurt G\""{o}del Thomas von Aquins Kommentar Zu Aristoteles? de Anima Rezipiert?",2013
BURROW-2,John Burgess,"Reflections on"" Wang's Paradox""",2013
SINIEI-2,Neil Sinclair and Leibowitz Uri D.,Introduction: Explanation in Ethics and Mathematics,2016
SINIEI-3,Neil Sinclair and Leibowitz Uri D.,Introduction: Explanation in Ethics and Mathematics,2016
BROJDB,J. R. Brown,"John D. Barrow, Pi in the Sky: Counting, Thinking, and Being",1994
MARSBR-2,Jean{-}Pierre Marquis,Special-Issue Book Review,1996
ZACRIH-3,Maria Zack and Dirk Schlimm,"Research in History and Philosophy of Mathematics the Cshpm 2017 Annual Meeting in Toronto, Ontario",2018
ANDMSW-2,Holger Andreas and Georg Schiemer,Modal Structuralism with Theoretical Terms,2021
VANAMT-6,Jean Paul Van Bendegem,Alternative Mathematics: The Vague Way,2000
VANFEM,Jean Paul van Bendegem,"Finite, Empirical Mathematics, Outline of a Model",1987
JFAVO,F. J.,A Variation on the Theme Of'doctor' (in Different Nations),1986
WWSARO,W. W. Sawyer,A Reflection on Foundations of Mathematics,1964
SAYSVW-2,Charles Sayward,Steiner Versus Wittgenstein: Remarks on Differing Views of Mathematical Truth,2005
MARSBR,Edwin D. Mares,Special-Issue Book Review,1996
MANDAT-2,Paolo Mancosu and Andrew Arana,Descartes and the Cylindrical Helix,2010
MAZFAT-4,Claudio Mazzola and Marco Giunti,For a Topology of Dynamical Systems,2016
HALTLF,R. B. Haldane,The Logical Foundations of Mathematics,1909
DETPVR-2,Michael Detlefsen,Poincar\'e Versus Russell Sur le R\^{o}le de la Logique Dans les Math\'{e}matiques,2011
KERTAO,R. B. Kershner,The Anatomy of Mathematics,1974
FJMMAT,F. J. Murray,Mathematics and the Exact Sciences,1973
THOIAO,Robert Thomas,Idea Analysis of Algebraic Groups: A Critical Comment on George Lakoff and Rafael N\'{u}~{n}ez's Where Mathematics Comes From,2002
CORHJP,D. Corfield,"Hintikka, J.-The Principles of Mathematics Revisited",1998
SAYROP-5,Charles Sayward,Remarks on Peano Arithmetic,2000
NVITNW,N. Vivian Pope,The New World Synthesis,1989
GEYIPS,Ludovico Geymonat,Il Pensiero Scientifico,1958
BENCOM-2,Paul Benacerraf,Comments on Maddy and Tymoczko,1984
PASJPB,A. C. Paseau,John P. Burgess Rigor and Structure,2016
GRIFTT,Nicholas Griffin,Foreword to the Importance of Nonexistent Objects and of Intensionality in Mathematics,2003
POOMI,Donald V. Poochigian,Mathematical Identity,2008
KREJHT,P. Kreutz,"J. Hintikka, the Principles of Mathematics Revisited",1997
GANVSA,S. Gandon,"Variable, Structure, and Restricted Generality",2013
BELANA-5,Luca Bellotti,A Neo-Kantian Approach in the Philosophy of Mathematics,2013
JFAII,J. Fang,"Illiteracy, Innumeracy, ? Idiocy?!",1989
BISTPO-16,Erwin Biser,The Philosophy of Mathematics. Edward A. Maziarz,1957
MALAAS-3,Antoni Malet,"Analysis and Synthesis in Mathematics: History and Philosophy. Michael Otte, Marco Panza",2000
ERNCS-3,P. Ernest,Critical Studies / Book Reviews,1999
STOWLC,G. Kampis L. Kvasz and M. Stoltzner,What Lakatos Could Teach the Mathematical Physicist,2002
KOEROL,Teun Koetsier,"Routes of Learning: Highways, Pathways and Byways in the History of Mathematics",2010
ROSTMO-2,Barkley Rosser,The Mathematics of Discontinuity,manuscript
IRVKGC,A. D. Irvine,"Kurt Goedel, Collected Works. Volumes I and Ii",1995
DAVPOM-3,Martin Davis,"Philosophy of Mathematics. What Did G\""{o}del Believe and When Did He Believe It?",2010
PAUHMN,Paul T. Sagal,How Many Numbers Are There?,1973
RESCS-3,Michael D. Resnik,Critical Studies / Book Reviews: Critical Studies / Book Reviews,2001
CURLPO,Gregory Currie,Lakatos's Philosophy of Mathematics,1979
GEYTDF-2,Ludovico Geymonat,"Traduzione di Friedrich Waismann, Introduzione Al Pensiero Matematico",1942
BORIOE,Jonathan Borwein,Implications of Experimental Mathematics for the Philosophy of Mathematics,2008
MARTC-7,Givi Margvelashvili,"312 Teodors Celms, Kurt Stavenhagen and Phenomenology in Latvia",2003
ALEEM,Alexander S. Kohanski,Einstein's ?Metamathematics?,1973
THAMM,Leslie H. Tharp,"Myth \& Math, Part Ii (Preliminary Draft)",1991
LACMMA-2,David R. Lachterman,"Mathematics, Method and Metaphysics: Essays Towards a Genealogy of Modern Thought",1984
NEWAIT-3,Carroll Vincent Newsom,An Introduction to Mathematics,1936
GRAHOM-5,Jeremy Gray,History of Mathematics and History of Science Reunited?,2011
MARCS-6,Mathieu Marion,Critical Studies / Book Reviews,2000
FANTPO-3,Joong Fang,"The Poverty of Philosophy Ii: ""Evolution"" Versus ""Revolution""",1988
TAITFQ,William Tait,The Five Questions,2007
CHATNO-8,Charles F. Weiher,Three Notions of Number,1970
RTII,R. Tieszen,"Introduction to Special Issue: Kurt G\""{o}del (1906?1978) on Mathematics and Logic",2006
URIIIS,Uriz Ignacio Ayestaran,"Il International Simposium Galdeano (Zaragoza'94): Paradigms and Mathematics, Zaragoza, Septiembre de 1994",1995
JEFTNO,Harold Jeffreys,The Nature of Mathematics,1938
DEPKH,"Wolfgang Deppert and Erdmann G\""{o}rg and Maria Sojka","Kurt H\""{u}bner-Bibliographie",2015
KLEWPO,Virginia H. Klenk,Wittgenstein's Philosophy of Mathematics,1976
HANUOA,Jerzy Hanusek,Uwagi o Arytmetyce Grassmanna,2015
BURCS,John P. Burgess,Critical Studies / Book Reviews,2000
ROBCNA,Siobhan Roberts,"Crunching Numbers -as Well as Lines, Angles and Shapes",manuscript
TOUIAP,Charalampos Toumasis,Ideas and Processes in Mathematics: A Course on History and Philosophy of Mathematics,1993
LEAMR,Javier Leach,"Mathematics, Reason \& Religion",2008
IHAN,H. A. I.,Notes,1986
DEUZBD,Michael Deutsch,"Zur Benutzung der Verkettung Als Basis F\""{u}r Die Arithmetik",1975
GUSIOO,Gustav E. Mueller,Interplay of Opposites,1965
RAPBQA,"Rapha\""{e}l Sandoz",Beyond Quantities and Qualities: Frege and Jevons on Measurement,2016
FLEBST,Louk Fleischhacker,"Beyond Structure: The Power and Limitations of Mathematical Thought in Common Sense, Science, and Philosophy",1995
THOPES,R. S. D. Thomas,Paul Ernest. Social Constructivism as a Philosophy of Mathematics,1999
HOWALJ,Colin Howson,"A Logical Journey. From G\""{o}del to Philosophy by Hao Wang. MIT Press, Cambridge, Mass., 1996, Pp. Xi+391",1998
OAGOHR,O. A. Gabrielian,On Historical Reconstruction of Mathematics,1989
GEYLDS,Ludovico Geymonat and Giuseppe Peano and Giovanni Vailati and Federigo Enriques and Enrico Persico and Eugenio Colorni and Eugenio Frola and Giulio Preti and Giulio Giorello,L'immagine Della Scienza. Il Dibattito Sul Significato Dell'impresa Scientifica Nella Cultura Italiana,1977
Krzykowska1999-BONDKA,Izabela Bondecka{-}Krzykowska,Dowody Komputerowe a Status Epistemologiczny Twierdze\'n Matematyki,1999
MARNUG,Gottfried Martin,Neuzeit Und Gegenwart in der Entwicklung des Mathematischen Denkens,1953
SAMPAM,Lazare Saminsky,Physics and Metaphysics of Music and Essays on the Philosophy of Mathematics,1957
MUNCS,Madeline M. Munsterbjorn,Critical Studies / Book Reviews,2003
GARFDM-2,Pieranna Garavaso,Filosofia Della Matematica Numeri e Strutture,1998
YUXPOM,Yuxin Zheng,Philosophy of Mathematics in China,1991
FRIAAO-3,Michele Friend and Andrea Pedeferri,An Analysis of the Notion of Rigour in Proofs,2011
IRVPOM,A. D. Irvine,Philosophy of Mathematics on the World Wide Web,1997
DAVTAO-7,David Bonner Richardson,The Affiliation of Contemporary Mathematics with Indian and Chinese Ideas,1967
SHATAM-3,Stewart Shapiro,Thinking About Mathematics,2005
JFTPO-2,F. J.,The Politics of Mathematics,1978
HALBOE,Bob Hale,Books of Essays,2002
BUCTBC,J. Richard Buchi,"The Basic Concepts of Mathematics. Karl Menger. Chicago: The Bookstore, Illinois Institute of Technology, 1957. Pp. 93",1957
MENCSR,Elliott Mendelson,Critical Studies/Book Reviews,2000
FOLMGT,J. Folina,Mark Greaves. The Philosophical Status of Diagrams,2003
LARWCT-2,Brendan Larvor,What Can the Philosophy of Mathematics Learn From the History of Mathematics?,2008
CUTSSF,Darcy Cutler,Stewart Shapiro. Foundations Without Foundationalism: A Case for Second-Order Logic,1997
SHAAI,Stewart Shapiro,Author Index -- Volume 7,1999
GGUNOI-2,S\^{a}rad\^{a}k\^{a}nta G\^{a}.{n}guli,Notes on Indian Mathematics. A Criticism of George Rusby Kaye's Interpretation,1929
BENSMD-2,E. Bencivenga,Soci\'{e}t\'e Math\'{e}matique de Belgique - Belgisch Wiskundig Genootschap,1983
SMYPOT,Ljiljana Brankovic and Yuqing Lin and Bill Smyth,"Proceedings of the International Workshop on Combinatorial Algorithms, 2007",2008
GROCSR-6,Emily R. Grosholz,Critical Studies/Book Reviews,2001
BORMF,Luka Bor\v{s}i\'c,Measure ? From Mathematics to Ethics,2007
ALETDO-3,Hartley Burr Alexander,The Definition of Number,1915
SARROT-4,George Sarton,Remarks on the Study of Babylonian Mathematics,1940
GDEFOM,Kurt Go?del and Jack J. Bulloff and Thomas C. Holyoke and Samuel Wilfred Hahn,Foundations of Mathematics,1969
PARJDM,C. Parsons,Jean Dieudonne. Mathematics-the Music of Reason,1996
BLOPAF,Ethan D. Bloch,Proofs and Fundamentals: A First Course in Abstract Mathematics,2000
MARCSR,Leng Mary and James Robert Brown,Critical Studies/Book Reviews,2001
FEFGTG,Solomon Feferman,"General. The G\""{o}del Editorial Project : A Synopsis",2010
ZASWOT,Z. A. Sokuler,Wittgenstein on the Contradictions in Logic and in the Foundations of Mathematics,1988
TARLTK,Alfred Tarski,"Letters to Kurt G\""{o}del, 1942\#X2013;47",1999
KRACS,Erik C. Krabbe,Critical Studies / Book Reviews,2004
HERE,Reuben Hersh,Erratum,1998
CHIKGP,Daniele Chiffi,Kurt Go?Del: Philosophical Explorations: History and Theory,2012
RUBSTO-2,Rubin Gotesky,Stray Thoughts on Formalization,1965
MOTCSR,Matteo Motterlini,"Review of J. Kadvany, \emph{Imre Lakatos and the Guises of Reason}",2003
BAZOTC,Andr\'e Bazzoni,On the Concepts of Function and Dependence,2015
DEQTWO-2,Ruy J. G. B. de Queiroz and Angus Macintyre and Guilherme Bittencourt,"12Th Workshop on Logic, Language, Information and Computation, Floriano?Polis, Brasil, 19 a 22 de Julho de 2005",2005
VVNCPB,V. V. Nalimov,Can Philosophy Be Mathematized?,1989
DUFLOP,Simon B. Duffy,Lautman on Problems as the Conditions of Existence of Solutions,2018
HAUCS,Daniel M. Hausman,Critical Studies / Book Reviews,2003
RODMCC,Cassiano Terra Rodrigues,Matem\'{a}tica Como Ci\^{e}ncia Mais Geral: Forma da Experi\^{e}ncia e Categorias,2007
TOUTNS,Charalampos Toumasis,The Nctm Standards and the Philosophy of Mathematics,1997
IPPLSS-2,Emiliano Ippoliti,La Scoperta Scientifica: La Ricerca di Un Metodo e Il Suo Smarrimento,2019
DICTWV,Harald Dickson,"The Word?Variable? In Logic, Mathematics and Economics",1971
RATKBA,Reluctance Toward Scientific Rationalism,Kurt Bayertz and Kurt W. Schmidt,2002
MCLIHA,C. McLarty,Introduction: Hypotheses and Progress,2012
FLITMA,Lucienne Fe?lix,The Modern Aspect of Mathematics,1960
THOTCO-34,Tzuchien Tho,The Consistency of Inconsistency,2008
LARGKL,B. P. Larvor,"George Kampis, Ladislav Kvasz, and Michael Stoltzner, Eds. Appraising Lakatos: Mathematics, Methodology, and the Man",2004
HOWMTT,Russell W. Howell,Mathematics Through the Eyes of Faith,2011
GEYSDP-3,Ludovico Geymonat and Renato Tisato and Gianni Micheli and Corrado Mangione,Storia Del Pensiero Filosofico e Scientifico - 2? Vol.,1970
PASOAA-2,Alexander Paseau,On an Application of Categoricity,2005
KAUTRO-2,L. H. Kauffman,The Russell Operator,2012
GROABO,Marie Grossi and Montgomery Link and Katalin Makkai and And Charles Parsons,A Bibliography of Hao Wang,1998
TENI,Neil Tennant,Introduction to Special Issue: Carnap and Some Contemporaries,2008
Chung1973-HINMAR,Hung Hin{-}Chung,Mathematics and Reality,1973
SAMPAM-3,E. F. Kaelin,"Physics and Metaphysics of Music, and Essays on the Philosophy of Mathematics. Lazare Saminsky. The Hague: Martinus Nijhoff, 1957. Pp. 151. 10.45 Guilders",1958
BELCTP,John Bell,Contribution to ?Philosophy of Mathematics: 5 Questions?,2007
DETDIA-3,Michael Detlefsen,"Discovery, Invention and Realism: G\""{o}del and Others on the Reality of Concepts",2011
GRAAOT,Granville C. Henry,Aspects of the Influence of Mathematics on Contemporary Philosophy,1966
BLACS,Patricia Blanchette,"Review of A. George and D. J. Velleman, \emph{Philosophies of Mathematics}",2003
SUBYLT,Peter Suber,"Years Later, the Questions Remain",
KOOSAF-2,S. J. Koopman,Statistical Algorithms for Models in State Space Form: Ssfpack 3.,2008
HELGKZ,Micha\l Heller,"G\""{o}dla K\l{}opoty Z Zamkni\k{e}tym Czasem [Recenzja] P. Yourgrau, the Disappearance of Time - Kurt G\""{o}del and the Idealistic Tradition in Philosophy, 1991",1994
MOOPAT-3,A. W. Moore,Poincar\'e and the Philosophy of Mathematics,1993
JACCSR,Howard Jackson,Critical Studies/Book Reviews,2001
DELEID,Javier de Lorenzo,"Ensayos In\'{e}ditos de Kurt G\""{o}del",1995
JHAEIH,Stefania R. Jha,Editor's Introduction: Hungarian Studies in Lakatos' Philosophies of Mathematics and Science,2006
MACKG,Alistair MacFarlane,"Kurt G\""{o}del (1906-1978)",2012
DNOLAT,D. Nolan Kaiser,Language and the ?Achilles? Paradox,1968
KLEAAT,Stephen C. Kleene,"An Addendum to the Work of Kurt G\""{o}del",1978
CZEPOM,J. Czermak,Philosophy of Mathematics,1993
WETIMO,Eduard W. Wette,"In Memory of Kurt G\""{o}del",1978
PUTOMR,Hilary Putnam,"On Mathematics, Realism, and Ethics",2012
AMYWPI,Amy C. King and Rosemary McCroskey,Woman Ph.D.'S in Mathematics in Usa and Canada: 1886?1973,1976
SAWCR,Bill Saw,Cantor Revisited?,1965
NICMIG,James Nickel,Mathematics: Is God Silent?,2001
LOHNTI,Dieter Lohmar,Non-Language Thinking in Mathematics,2012
KADKS,Heiner Kaden and Karl{-}Heinz Schlote,"Kurt Schwabe ? Ein Leipziger Akademiepr\""{a}sident in Schwieriger Zeit",2005
GRECR-4,A. L. Greer,Critical Reviews,2005
POLMAT-3,Stephen Pollard,Mathematics and the Good Life,2013
MARCSR-5,Leng Mary and James Robert Brown,Critical Studies/Book Reviews,2001
FEFGTO,Solomon Feferman and John Dawson and Warren Goldfarb and Robert Solovay,"G\""{o}del Turned Out to Be an Unadulterated Platonist, and Apparently Believed That an Eternal ?Not? Was Laid Up in Heaven, Where Virtuous Logicians Might Hope to Meet It Hereafter. On This G\""{o}del Commented: Concerning My ?Unadulterated? Platonism, It is No More Unadulter",1995
RUSAPP,Giuseppe Russo,"Annibale Pastore, Proposals and Limitations of the Logic of the Raising to Power",1982
MOTMIM,Motokiti Kond\=o,Mathematics in Modern Japan,1964
BECEWB,Oskar Becker,"E. W. Beth, the Foundations of Mathematics",1960
LINCSR-2,Bernard Linsky,Critical Studies/Book Reviews,2003
DESHTP,Harrie de Swart and Tom Verhoeff and Renske Brands,Hintikka's ?the Principles of Mathematics Revisited?',1997
ERNCS,Paul Ernest,Critical Studies / Book Reviews,1999
DUKG-2,Marie Du\v{z}'i,"Kurt G\""{o}del",2005
KNOKSE,Eberhard Knobloch,Kaspar Schott?s ?Encyclopedia of All Mathematical Sciences?,2011
HAUFAI,Bernard Andrew Hausmann,From an Ivory Tower,1960
CAJOIA-3,Florian Cajori,Oughtred?s Ideas and Influence on the Teaching of Mathematics,1915
MLLKR,"Gert Heinz M\""{u}ller",Kurt Reidemeister,1954
BARCS,Jon Barwise,Critical Studies / Book Reviews,1999
DAVACF,David Sherry,A Concordance for Wittgenstein's Remarks on the Foundations of Mathematics,1983
LUDSAI-2,Adalira S\'{a}enz Ludlow,Symbolic Activity in Mathematics Classrooms,1998
DIECSR,J. M. Dieterle,Critical Studies/Book Reviews,2000
KILLLA,Cliff W. Kilmister,"Language, Logic, and Mathematics",1967
HADCSR,Rosado E. Haddock,Critical Studies/Book Reviews,2003
BROPOM-5,James Robert Brown,Philosophies of Mathematics,2002
RBAWKS-2,Angel Curr\'{a}s R\'{a}bade,"Wuchterl, Kurt: Struk\'{i}ur Unc\'i Sprachspiel Bei Wittgensstein",1970
HSUTRP,Chen{-}Jung Hsu,The Research Papers of Professor Chen-Jung Hsu =,1991
ODIGMO,Piergiorgio Odifreddi,Godel's Mathematics of Philosophy,2011
GEYSEF-2,Ludovico Geymonat,Storia e Filosofia Dell'analisi Infinitesimale (1945-1949),1947
FERKGE,Juan Jos\'e Acero Fern\'{a}ndez,"Kurt G\""{o}del: Ensayos In\'{e}ditos",1995
AKHSIO-2,Murad D. Akhundov,Social Influence on Physics and Mathematics: Local or Attributive?,2005
TENJHT,Neil Tennant,"Jaakko Hintikka, the Principles of Mathematics Revisited",1998
COHAMA-4,I. Cohen,A Mathematician's Apology by G. H. Hardy; Mathematics and the Imagination by Edward Kasner; James Newman,1942
SANANS-5,Gon\c{c}alo Santos,A Not so Fine Modal Version of Generality Relativism,2010
NEUPOM-3,Erwin Neuenschwander,Philosophy of Mathematics and Deductive Structure in Euclid's Elements. Ian Mueller,1983
GATCIO,R. Gatto,Cartesian Influence on Mathematics in Naples,1996
BELCWO,J. L. Bell and S. Feferman,Collected Works of Kurt Godel: Volume I,1987
ZAFCMO,Elias Zafiris,Categorical Modeling of Natural Complex Systems. Part I: Functorial Process of Representation,2008
KOPIDA-2,Wilhelm Koppelmann,"Ist Die Arithmetik Ein Logisch Korrektes Lehrgeb\""{a}ude?",1929
HENIIW,Granville C. Henry and Robert J. Valenza,Idempotency in Whitehead's Universal Algebra,1993
TZOHEI,Athanassios Tzouvaras,How Effective Indeed is Present-Day Mathematics?,2006
JACHPO,Dale Jacquette,Hartmann's Philosophy of Mathematics,2011
DENIMA,Carl H. Denbow,Is Mathematics a Formal Discipline?,1955
PERCS,Kenneth J. Perszyk and Raphael Falk and David Shatz,Critical Studies,1987
WOJORI-2,Krzysztof Wojtowicz,Ontological Reductions in Mathematics. Part Iii: On Reconstruction of Some Parts of Mathematics,2011
HAMRAF,Herbert Russell Hamley,Relational and Functional Thinking in Mathematics,1934
IFAIFE,I. Fang,Idola Foil Et Theatri,1991
DABTPO-2,Dumitru Daba,The Philosophy of Nature and the Crisis of Modern Mathematics,2010
SHAHWR,S. G. Shanker,"Hao Wang, Reflections on Kurt G\""{o}del Reviewed By",1990
PARAPI-4,Chang Kyun Park,A Philosophical Interpretation of Rough Set Theory,2008
GILCS-2,Donald Gillies,Critical Studies / Book Reviews,1999
BERKG,David Berlinski,"Kurt G\""{o}del (1906-1978)",1980
MCCCS,Timothy Mccarthy,Critical Studies / Book Reviews,2000
THOEEP,R. S. D. Thomas,"Editorial: Explanations, Policy, and Thanks",1993
LARBOE,Brendan P. Larvor,Books of Essays,2002
NITTFS,So?taro? Nitto,The Fundamental Study of Mathematics,1956
GERLMR,Jacques Gernet,"Language, Mathematics, Rationality",2010
PARSBR,Charles Parsons,Special-Issue Book Review,1996
POLPOM,Stephen Pollard,Philosophy of Mathematics and the New Conservation,1988
MARLWA-3,M. Marion,Ludwig Wittgenstein and Friedrich Waismann. The Voices of Wittgenstein. The Vienna Circle,2004
AGAPOM,"Evandro Agazzi and Gy\""{o}rgy Darvas",Philosophy of Mathematics Today,1997
ZOURIM,Mari\'{a}n Zouhar,Rigidity in Mathematical Discourse,2017
TASOWS,Milan Tasic,On What Should Be Before All in the Philosophy of Mathematics,2008
KREHPM,Georg Kreisel,"Hilary Putnam. Mathematics Without Foundations. The Journal of Philosophy, Vol. 64 , Pp. 5?22",1972
SALMMP,Jean{-}Michel?Idea Salanskis,"Mathematics, Metaphysics, Philosophy'",2006
BEDMS,Stephen Bedding and Mal Coad and Jane Forrest and Beryl Fussey and Paula Waldman de Tokman,Mathematical Studies,2007
WAGSFP-2,Steven J. Wagner,Searching for Pragmatism in the Philosophy of Mathematics: Critical Studies / Book Reviews,2001
BILPOA,Manuel Bilsky,Patterns of Argument,1963
ERNCS-2,Paul Ernest,Critical Studies / Book Reviews: Critical Studies / Book Reviews,2001
ROSLNR-2,Paolo Rossi and Jean Dieudonn\'e and Ren\'e Thom and Clifford A. Truesdell and Tullio Regge and Ugo Amaldi and Enrico Bellone and Isabelle Stengers and Francisco J. Ayala and Vittorio Sgarabella and Yehuda Elkana and William Leiss and Saverio Avveduto and Abdul{-}Razzak Kaddoura and Mario Borillo,La Nuova Ragione. Scienza e Cultura Nella Societ\`a Contemporanea,1981
FREPPO,Bruno Freytag Lo?ringhoff,Philosophical Problems of Mathematics,1951
LEOALT,Leon Henkin,A Letter to Reviewer,1964
VANGPD,Mark Van Atten and Juliette Kennedy,"G\""{o}del's Philosophical Developments",2003
GLACS,Eduard Glas,Critical Studies / Book Reviews,2004
EDWMAM,Edward A. Maziarz,Meta-Mathematics and Meta-Theology: An Inquiry,1975
RCOWCT,R. Corby Hovis,What Can the History of Mathematics Learn From Philosophy? A Case Study in Newton?s Presentation of the Calculus.,1989
MEDBZP,Fritz Medicus,"Bemerkungen Zum Problem der Existenz Mathematischer Gegenst\""{a}nde",1914
ATTGMA-2,Mark van Atten and Mark Atten,"G\""{o}del, Mathematics, and Possible Worlds",2014
GEYTDB,Ludovico Geymonat,"Traduzione di Bertrand Russell, I Principi Della Matematica",1980
SLOAPN,Aaron Sloman,A (Possibly) New Kind of Euclidean Geometry Based on an Idea by Mary Pardoe,manuscript
GROCS,Emily Grosholz,Critical Studies / Book Reviews,2004
POWCSR,Andrew Powell,Critical Studies/Book Reviews,2000
COHTPD,Hermann Cohen,The Platonic Doctrine of Ideas and Mathematics,2013
GAUCS,Yvon Gauthier,Critical Studies / Book Reviews,1999
JFTPO,F. J.,The Poverty of Philosophy Ii: ?Evolution? Versus ?Revolution?,1988
DETFAC-2,Michael Detlefsen,Freedom and Consistency,2013
Guinness1989-GRAHAP-5,I. Grattan{-}Guinness,"History and Philosophy of Modern Mathematics. William Aspray, Philip Kitcher",1989
POISAH-2,M\'{e}lanie Frappier and Andrea Smith and David J. Stump,Science and Hypothesis: The Complete Text by Henri Poincar\'e (New Translation),2017
MANMFO,Manu,Methodological Frame of the Field,2005
FANTPO-2,J. Fang,"The Poverty of Philosophy: ""Ethics and Mathematics""",1988
ZALALA,Fernando Zalamea,Albert Lautman and the Creative Dialectic of Modern Mathematics. Translated by Simon B. Duffy,2011
HENREM,Leon Henkin,Retracing Elementary Mathematics,1962
RTHMDA,R. Thomas Harris,"Mathematics, Descartes, and the Rise of Modernity",1988
DEPEGP-2,Wolfgang Deppert,"Ein Gro\s{s}er Philosoph: Nachruf Auf Kurt H\""{u}bner Und Aufruf Zu Seinem Philosophieren",2015
SHATGB-2,Stewart Shapiro,The George Boolos Memorial Symposium Ii,2001
WOLEDA,Helmut Wolter,Entscheidbarkeit der Arithmetik MIT Addition Und Ordnung in Logiken MIT Verallgemeinerten Quantoren,1975
BULGK,Bernd Buldt,"G\""{o}del, Kurt",2008
MIVKGA,Daniel Mi\'{e}ville,"Kurt G\""{o}del: Actes du Colloque, Neuch\^{a}tel 13-14 Juin 1991",1992
FORRAT,Thomas Forster,Reasoning About Theoretical Entities,2003
BALKAW,Edward G. Ballard,"Kant and Whitehead, and the Philosophy of Mathematics",1961
TITFPA-3,Robert J. Titiev,"Finiteness, Perception, and Two Contrasting Cases of Mathematical Idealization",1998
IGLAIT,Boris Iglewicz,An Introduction to Mathematical Reasoning,1973
DALPAF,Dale Jacquette,Presupposition and Foundational Asymmetry in Metaphysics and Logic,1989
PARDTE-2,Karen Parshall,"Discrete Thoughts: Essays on Mathematics, Science, and Philosophymark Kac Gian-Carlo Rota Jacob T. Schwartz Harry Newman",1989
GILCS-6,D. Gillies,Critical Studies / Book Reviews,1999
WEIVPA,Simon Weisgerber,Visual Proofs as Counterexamples to the \emph{Standard View} of Informal Mathematical Proofs?,2022
WEYOTN-2,Herman Weyl,On the New Foundational Crisis of Mathematics,1998
SUTATF-3,Davide Sutto,A Taxonomy for Set-Theoretic Potentialism,2024
RAMCNO,Frank P. Ramsey,Critical Notice of L.Wittgenstein's Tractatus,1923
SIMIBR,Plamen L. Simeonov and Ron Cottam,Integral Biomathics Reloaded: 2015,forthcoming
MACAMU,Malcolm Macleod,Programming Planck Units From a Virtual Electron; a Simulation Hypothesis (Summary),2018
LUDCOS-2,Adrian Ludu?an,"Categoricity, Open-Ended Schemas and Peano Arithmetic",2015
MACMON-2,Malcolm J. Macleod,3. Simulating Gravity Via Planck Scale N-Body Particle-Particle Orbital Pairs,manuscript
MAHIEP,Zeeshan Mahmud,Is Euclid's Proof of the Infinitude of Prime Numbers Tautological?,manuscript
MACTOA-6,Malcolm Macleod,2. Programming Relativity as the Mathematics of Perspective in a Planck Unit Simulation Hypothesis,manuscript
DayManuscript-ADANCB,Sam Adam{-}Day,Non-Mathematical Content by Mathematical Means,manuscript
KHAIT,Ninh Khac Son,Immobility Theory,manuscript
STARD-5,Michael Richard Starks,Revis\~{a}o de ' Os Limites Exteriores da Raz\~{a}o ' (the Outer Limits of Reason)Por Noson Yanofsky 403P (2013) (Revis\~{a}o Revisada 2019),2019
STARDS-2,Michael Richard Starks,Rese\~{n}a de ?Soy Un Bucle Extra\~{n}o? ( I Am a Strange Loop) de Douglas Hofstadter,2019
STAP-66,Michael Richard Starks,"???? Paraconsistent, ?????????, ?????, Computable ?? ????? ???? ??? ?? Godel ?????? ?? ???????: ??????? Chaitin, ??????????? ?? ??????, ?????? ??.?. ?? ?????? 160P (2012 ?? ??????? ??????? 2019) ?????? ?? Undecidable ?????? ??? ???? What Do Paraconsistent, Undecidable, Random, Computable and Incomplete Mean? A Review of Godel's Way: Exploits Into an Undecidable World by Gregory Chaitin, Francisco a Doria, Newton C.A. Da Costa",2020
MOKWTT,Amirouche Moktefi and Francine F. Abeles,'What the Tortoise Said to Achilles': Lewis Carroll's Paradox of Inference,2016
FORASP,Desmond Alan Ford,A Structuralist Proposal for the Foundations of the Natural Numbers,manuscript
STAOQS,Michael Richard Starks,"O Que Significa Paraconsistente, Indec\'{i}vel, Aleat\'{o}rio, Comput\'{a}vel e Incompleto?- Uma Revis\~{a}o da ?Godel?s Way: Exploits Into an Undecidable World? (Maneira de Godel: Fa\c{c}anhas Em Um Mundo Indecid\'{i}vel) Por Gregory Chaitin, Francisco a Doria, Newton C.A. Da Costa 160P (2012) (Revis\~{a}o Revisada 2019)",2019
STAWCY,Michael Richard Starks,"Wolpert, Chaitin y Wittgenstein Sobre la Imposibilidad, la Incompletitud, la Paradoja Mentirosa, El Te\'{i}smo, Los L\'{i}mites de la Computaci\'{o}n, Un Principio de Incertidumbre Mec\'{a}nica No Cu\'{a}ntica y El Universo Como Computadora, El Teorema Definitivo En la Teor\'{i}a de la M\'{a}quina de Turing (Revisado En 2019)",2019
STAQSP,Michael Richard Starks,"?Qu\'e Significa Paraconsistente, Indescifrable, Aleatorio, Computable e Incompleto? Una Revisi\'{o}n de la Manera de Godel: Explota En Un Mundo Indecible (Godel?s Way: Exploits Into an Undecidable World) Por Gregory Chaitin, Francisco a Doria, Newton C.A. Da Costa 160P (2012) (Revisi\'{o}n Revisada 2019)",2019
STARDE-6,Michael Richard Starks,Revis\~{a}o de ?Eu Sou Um Loop Estranho? (I Am a Strange Loop) Por Douglas Hofstadter (2007) (Revis\~{a}o Revisada 2019),2020
STARDT-3,Michael Richard Starks,Rese\~{n}a de 'the Outer Limits of Reason' Por Noson Yanofsky 403P (2013),2019
FALSOH,Alberto Falcone and Alfredo Garro and Marat Mukhametzhanov and Yaroslav Sergeyev,Simulation of Hybrid Systems Under Zeno Behavior Using Numerical Infinitesimals (1st edition),2022
CORROQ,John Corcoran,"Review of Alfred Tarski, Collected Papers, Vols. 1-4 (1986) Edited by Steven Givant and Ralph Mckenzie",1991
GRIIJA,Rowan Grigg,It's Just About Time,manuscript
SANUP,Gon\c{c}alo Santos,Unlimited Possibilities,2011
OLILMA,Alex Oliver,"Logic, Mathematics, and Philosophy: Review of G. Boolos, \emph{Logic, Logic, and Logic}",2000
WEYOTN,Herman Weyl,On the New Foundational Crisis in Mathematics,1998
BARPOT-17,U. Bartocci and James Paul Wesley,"Proceedings of the Conference on Foundations of Mathematics \& Physics, Perugia, Italy, 1989",1990
TRZNLC,Gabriel T\^{a}rziu,\^{I}n?elegerea Lumii Cu Ajutorul Matematicii,2022
HIRIMA,Robin Hirsch,Is Mathematics a Pure Science?,1996
BELMSA,Richard Ernest Bellman,"Mathematics, Systems and Society: An Informal Essay",1971
ZALMIA,Fernando Zalamea,"Mathematics, Ideas and the Physical Real, by Albert Lautman",2011
PERLDD-3,Tommaso Perrone,"La Dinamica Delle Teorie Scientifiche. Strutturalismo Ed Interpretazione Logico-Formale Dell?Epistemologia di Kuhn, with a Preface of C. Ulises Moulines",2012
EROWPN,V. A. Erovenko,Whether Philosophers Need Contemporary Mathematics?,2013
THEGTP,"Z. W. International Symposium on G\""{o}del'S. Theorems and Wolkowski","First International Symposium on G\""{o}del's Theorems: Paris, 27-29 May 1991",1993
AIMITD-3,Italo Aimonetto,Il Teorema di Goedel e le Antimonie?!? Negative,1978
ZEPQMI,Dainis Zeps,Quanta Mathematica Instrumentalis!,manuscript
RODRF,Andrei Rodin,Renewing Foundations -,2009
PASSFB,Alberto Pasquinelli,"Stephen Francis Barker, Filosofia Della Matematica",1970
SKOMAC,Ole Skovsmose,Mathematics: A Critical Rationality?,2010
PODTNO,Karlis Podnieks and John Tabak,The Nature of Mathematics ? an Interview with Professor Karlis Podnieks,2011
CASGAL-3,John L. Casti and Werner DePauli{-}Schimanovich,"G\""{o}del a Life of Logic",2000
DONFAI,Matthew J. Donald,"Finitary and Infinitary Mathematics, the Possibility of Possibilities and the Definition of Probabilities",2003
MITLWO,Enakshi Ray Mitra,Later Wittgenstein on Language and Mathematics,2017
TRZAMC,Gabriel Ta?rziu,Aplicabilitatea Matematicii Ca Problema Filosofica,2013
DAVCOS-2,James Edgar Davies,Changes of Setting and the History of Mathematics: A New Study of Frege,
BRORTH,Adrian Brock and Johann Louw and Willem van Hoorn,Rediscovering the History of Psychology: Essays Inspired by the Work of Kurt Danziger,2004
SANKFL,George M. Van Sant,Kurt F. Leidecker 1902-1991,1992
JOHPOT-6,Peter Johnston,Presences of the Infinite: J.M. Coetzee and Mathematics,2013
HANPAP-12,Boris Handal,Philosophies and Pedagogies of Mathematics,2003
HADHPO,Guillermo E. Rosado Haddock,Husserl?s Philosophy of Mathematics: Its Origin and Relevance,2006
PERCSR,Anthony F. Peressini,The Indispensability of Mathematics,2003
COORAH-2,Roy Cook and Stewart Shpiro,Hintikka's Revolution: The Priciples of Mathematics Revisited,1998
BHAGPT-2,B. Hale,"Graham Priest. Towards Non-Being: The Logic and Metaphysics of Intentionality. Oxford: Oxford University Press, 2005. Pp. Xv + 190. Isbn 0-19-926254-3",2007
ANDMGT,Andrew Aberdein,"Mohan Ganesalingam. The Language of Mathematics: A Linguistic and Philosophical Investigation. Folli Publications on Logic, Language and Information",2017
DUDMET,Roman Duda,Mathematics: Essential Tensions,1997
SOTMCA,Cristian Soto,Mark Colyvan's an Introduction to the Philosophy of Mathematics,2014
MCLVMT,Colin McLarty,"Review of S. Duffy, Virtual Mathematics: The Logic of Difference (Clinamen, 2006)",2008
CASDTA-2,Eduardo Castro,"Defending the Axioms-on the Philosophical Foundations of Set Theory, Penelope Maddy",2012
WEBMMA-2,Harold T. Hodes,"Book Review. Mechanism, Mentalism and Metamathematics. J Webb",1984
LOWRNO-2,E. J. Lowe,"Notes on Philosophy, Probability and Mathematics. Fp Ramsey",1997
GIAWHR,M. Giaquinto,"Wang, H., ""Reflections on Kurt G\""{o}del""",1988
BLABRA,Virginia Black and Stephen L. Darwall and L. Baronovitch,Book Reviews and Critical Studies,1981
VANITT-2,Bart Van Kerkhove and Jean Paul Van Bendegem and Sal Restivo,Introduction to the Special Issue Entitled 'Mathematics: What Does It All Mean?',2006
HOFPOM,Thomas Hofweber,"Review of ""Philosophy of Mathematics: An Introduction to the World of Proofs and Pictures"" by James Robert Brown",2001
KEKBRA,John Kekes and Joseph Agassi and Edward Mackinnon and Gerhard D. Wassermann and Warren Hagar,Book Reviews and Critical Studies,1981
ASAROT-2,Jamin Asay,"Review of Truth, Reference and Realism",2012
BPLMSL,B. P. Larvor,"Michel Serfati. La R\'{e}volution Symbolique: La Constitution de l'Ecriture Symbolique Math\'{e}matique. Preface by Jacques Bouverasse. Paris: \'{E}ditions Petra, 2005. Pp. Ix + 427. Isbn 2-84743-006-7",2007
LARBR-2,David Larson,Book Reviews,1993
HORDEH,Leon Horsten,"Dennis E. Hesseling. Gnomes in the Fog: The Reception of Brouwer's Intuitionism in the 1920S. Basel, Boston, Berlin: Birkh\""{a}u-Ser Verlag, 2003. Pp. Xxiii + 448. Isbn 3-7643-6536-",2005
BOEPOM,David Boersema,Philosophy of Mathematics,2002
CMAE-4,F. K. C.,Meaning and Existence in Mathematics,1974
VANCS-2,Bart Van Kerkhove,"Review of B. Heintz, \emph{Die Innenwelt der Matheznatik. Zur Kultur Und Praxis Einer Beweisenden Disziplin. [The Inner World of Mathematics. On the Culture and Practice of a Proof-Based Discipline.]}",2004
PIELTA,Ahti Pietarinen,"Review of J. Hintikka, \emph{Language, Truth and Logic in Mathematics}",1999
HELBR,Geoffrey Hellman,Book Reviews,1993
CARBRA,Leonard S. Carrier,Book Reviews and Critical Studies,1981
LEPCAL,Fran\c{c}ois Lepage,"Review of G. J. Satty, T. J. Blakeley, and J. G. Colbert, \emph{Computing and Logic -- Mathematics and Language}",1991
GOLBRA,Alan H. Goldman,Book Reviews and Critical Studies,1981
LYNBNB,Greg Lynch,Book Notices,2010
WILR-10,Timothy Williamson,Review,1996
KIRFOC,Helene Kirchner and Christophe Ringeissen,"Frontiers of Combining Systems: Third International Workshop, Frocos 2000, Nancy, France, March 22-24, 2000: Proceedings",2000
BACTAA,Fahiem Bacchus and Toby Walsh,"Theory and Applications of Satisfiability Testing: 8Th International Conference, Sat 2005, St Andrews, Uk, June 19-23, 2005: Proceedings",2005
GROCSD,Emily R. Grosholz,"Chikara Sasaki. Descartes's Mathematical Thought. Boston Studies in the Philosophy of Science 237. Dordrecht: Kluwer Academic Publishers, 2003. Pp. Xiv + 496. Isbn 1-4020-1746-",2005
FESGKL-4,Roberto Festa,"George Kampis, Ladislav Kvasz, and Michael St\""{o}ltzner. Appraising Lakatos. Mathematics, Methodology and the Man Dordrecht\texttt{\char92}textfractionsolidus\{\}Boston\texttt{\char92}textfractionsolidus\{\}London: Kluwer Academic Publishers, 2002 Cloth \pounds90\texttt{\char92}textfractionsolidus\{\}Us\&Dollar;143\texttt{\char92}textfractionsolidus\{\}?130, Hardback Isbn: 1-4020-0226-2",2006
GAUFFT-5,Yvon Gauthier,From Fermat to Gauss,2008
LLI,John van Heijenoort and Jean Ladriere,"Les Limitations Internes des Formalismes. \'{E}tude Sur la Signification du Th\'{e}or\`{e}me de G\""{o}del Et des Th\'{e}or\`{e}mes Apparent\'{e}s Dans la Th\'{e}orie des Fondements des Math\'{e}matiques",1959
HERBR-2,Reuben Hersh,Book Reviews,1994
LINBR-2,Bernard Linsky,Book Reviews,1996
VONKGC-3,Jan von Plato,"Review of Kurt G\""{o}del Collected Works Iv?V: Correspondence",2004
SHAJCA-2,S. Shanker,"Review of J. Changeux and A. Connes, \emph{Conversations on Mind, Matter, and Mathematics}. Edited and Translated by M.B. Debevoise.",1998
GILCSR,Donald Gillies,Review of 'Carlo Cellucci. Filosofia e Matematica (Philosophy and Mathematics)',2003
DUNNG,Katherine Dunlop,"Niccol\`o Guicciardini. Isaac Newton on Mathematical Certainty and Method. Cambridge, Ma: MIT Press, 2009. Pp. 422. \$55.00",2011
MCGCS-2,Vann Mcgee,Critical Studies / Book Reviews,2004
LARERG,B. P. Larvor,"Emily R. Grosholz. Representation and Productive Ambiguity in Mathematics and the Sciences. Oxford: Oxford University Press, 2007. Isbn 978-0-19-929973-7. Pp. Viii + 313",2012
BENMAP-2,Jose Benardete,"Review of C. Parsons, \emph{Mathematics and Philosophy: Selected Essays}",1985
LPAM,K. B. L.,Physics and Metaphysics of Music and Essays on the Philosophy of Mathematics,1957
AGEAMO,Tryg A. Ager,"Review of Sicha. J, \emph{a Metaphysics of Elementary Mathematics}",1976
TENCS,Neil Tennant,"Games Some People Would Have All of Us Play: A Critical Study of J. Hintikka, \emph{the Principles of Mathematics Revisited}",1998
BELBR-2,J. L. Bell,"Review of B. Rotman, \emph{Ad Infinitum - the Ghost in Turing's Machine: Taking God Out of Mathematics and Putting the Body Back In: An Essay in Corporeal Semiotics}",1995
LISROC,Michael Liston,"Roland Omn\`{e}s. Converging Realities: Towards a Common Philosophy of Physics and Mathematics. Princeton and Oxford: Princeton University Press, 2005. Pp. Xvii + 264. Isbn 0-691-11530-",2007
STRTSO-2,D. F. M. Strauss,The Significance of a Non-Reductionist Ontology for the Discipline of Mathematics: A Historical and Systematic Analysis,2010
HELCSR,Geoffrey Hellman,Critical Studies/Book Review,2001
CARMM-4,E. Carson,"Review of J. Belna, \emph{la Notion de Nombre Chez Dedekind, Cantor, Frege. Theories, Conceptions, Et Philosophie}",1998
TYMBR-2,Thomas Tymoczko,"Review of J. P. King, \emph{the Art of Mathematics}",1995
LEVBRA,Zeev Levy,Book Reviews and Critical Studies,1981
DIMRON,Maria Concetta Di Maio,"Review of Notes on Philosophy, Probability and Mathematics by Frank Plumpton Ramsey; Maria Carla Galavotti",1994
WIMEAM,Reiner Wimmer,"Ethics and Mathematics. Intuitive Thinking in Cantor, G\""{o}del and Steiner",1987
PRIJAT-5,Graham Priest,"Jody Azzouni. Talking About Nothing. New York: Oxford University Press, 2010. Isbn 978-0-19-973894-64. Pp. Iv + 273?",2011
HODRJH,Harold Hodes,"Review: Jaakko Hintikka, the Principles of Mathematics Revisited",1998
LMAL,C. L.,Mathematics and Logic in History and in Contemporary Thought,1967
SHUBRL,Gary M. Shute,"Review of G. Lakoff and R. E. N\'{u}~{n}ez, \emph{Where Mathematics Comes From}",2005
Guinness1987-GRAKGC,I. Grattan{-}Guinness,"Kurt G\""{o}del. Collected Works. Volume 1, Publications 1929?1936",1987
JELA,B. J.,"Review of H. Hahn, \emph{Empiricism, Logic, and Mathematics}",1981
STEKSB,"W. Stegm\""{u}ller","Kurt Sch\""{u}tte: ""Beweistheorie""",1962
BARBR-64,Jeffrey Barrett,Book Reviews,1995
LEIAAM,Hannes Leitgeb,"An Austrian M\'{e}lange ? Eckehart K\""{o}ler, Peter Weibel, Michael St\""{o}ltzner, Bernd Buldt, Carsten Klein, and Werner Depauli-Schimanovich-G\""{o}ttig, Eds. Kurt G\""{o}del. Wahrheit \& Beweisbarkeit. Band 1: Dokumente Und Historische Analysen [Kurt G\""{o}del. Truth and Provability. Vol. 1: Documents and Historical Analyses]. Vienna: \""{O}bv Et Hpt, 2002. Isbn 3-209-03824-1. Pp. 279. ? Bernd Buldt, Eckehart K\""{o}hler, Michael St\""{o}ltzner, Peter Weibel, Carsten Klein, and Werner Depauli-Schimanovich-G\""{o}ttig, Eds. Kurt G\""{o}del. Wahrheit \& Beweisbarkeit. Band 2: Kompendium Zum Werk [Vol. 2: Compendium of Work]. Vienna: \""{O}bv Et Hpt, 2002. Isbn 3-209-03835-X. Pp. 447",2007
DAUTOH,Joseph Dauben,The Oxford Handbook of the History of Mathematics,2010
CPDA,J. D. C.,Philosophie der Arithmetik,1971
SCHBRA-2,G. Schlesinger,Book Reviews and Critical Studies,1981
OAKBRA,L. Nathan Oaklander,"The the Ontological Turn: Studies in the Philosophy of Gustav Bergmann, E.D. Klemke and M.S. Gram, (Eds)",1981
BENMAP-3,Jose Benardete,Mathematics and Philosophy,1985
POSBRA,John F. Post and Harold Morick and Bruce Johnston,Book Reviews and Critical Studies,1981
MARRSS,Mark Balaguer,"Review: Stewart Shapiro, Thinking About Mathematics. The Philosophy of Mathematics",2002
KUCBNB,Paul Kucharski,Book Notices,2005
COCITT-2,Nino B. Cocchiarella,Introduction to the Philosophy of Mathematics,1982
LISROW,Michael Liston,"Review of What is Mathematics, Really? By Reuben Hersh",1999
PLUNOP,E. J. Lowe,"Review of Frank Plumpton Ramsey and Maria Carla Galavotti: \emph{Notes on Philosophy, Probability and Mathematics}",1997
MANKG,Paolo Mancosu,"Kurt G\""{o}del",2011
BASTPO-11,O. Bradley Bassler,"Review of J. Hintikka, \emph{the Principles of Mathematics Revisited}",1997
TYMBR-3,Thomas Tymoczko,"Review of H. Wang, \emph{Computation, Logic, Philosophy: A Collection of Essays}",1992
LIBLLI-3,Leonid Libkin and U. Kohlenbach and Ruy J. G. B. de Queiroz,"Logic, Language, Information, and Computation: 20Th International Workshop, Wollic 2013, Darmstadt, Germany, August 20-23, 2013: Proceedings",2013
EMESBA,E. Mendelson,"Selmer Bringsjord and Michael Zenzen. Superminds: People Harness Hypercomputation, and More. Studies in Cognitive Systems, Volume 29. Dordrecht: Kluwer Academic Publishers, 2003. Pp. Xxx + 339. Isbn 1-4020-1094-X",2005
BOUSDT,E. N.,Structure des Th\'{e}ories. Probl\`{e}mes Infinis,1939
THOBBB-2,Robert Thomas,"B. Buldt, B. L\""{o}we and T. M\""{u}ller (Eds.), Special Issue Towards a New Epistemology of Mathematics; B. L\""{o}we and T. M\""{u}ller (Eds.), Phimsamp: Philosophy of Mathematics: Sociological Aspects and Mathematical Practice; K. Fran\c{c}ois, B. L\""{o}we, T. M\""{u}ller and B. Van Kerkhove (Eds.), Foundations of the Formal Sciences Vii: Bringing Together Philosophy and Sociology of Science",2012
BELSFE,J. L. Bell,"S. Feferman Et Al. ""Collected Works of Kurt Godel, Vol. 1""",1987
KREBR,Michael Kremer,Book Reviews,1996
WAGSFP,Steven J. Wagner,"Searching for Pragmatism in the Philosophy of Mathematics: Critical Review of G. Heinzmann, \emph{Zwischen Objektkonstruktion Und Strukturanalyse: Zur Philosophie der Mathematik Bei Jules Henri Poincare. [Between the Construction of Objects and the Analysis of Structure: On Jules Henri Poincare's Philosophy of Mathematics]}",2001
STELPO-5,Mark Steiner,Lakatos' Philosophy of Mathematics: A Historical Approach. Teun Koetsier,1993
IRVBR,A. D. Irvine,Book Reviews,1995
ECKKCR,Christophe Eckes,"Karine Chemla, Renaud Chorlay, and David Rabouin, Eds. The Oxford Handbook of Generality in Mathematics and the Sciences. Oxford: Oxford University Press, 2016. Pp. Xi+528. \$150.00 ; \$120.00",2018
FLOBR,Juliet Floyd,Book Reviews,2002
THOWBH,Robert Thomas,"Review of W. Byers, \emph{How Mathematicians Think: Using Ambiguity, Contradiction, and Paradox to Create Mathematics}",2009
KVAALB-2,Ladislav Kvasz,"A Ludic Book on Ludic Proof * Reviel Netz. Ludic Proof, Greek Mathematics and Alexandrian Aesthetic. Cambridge: Cambridge University Press, 2009. Isbn 978-0-521-89894-2. Pp. Xvi + 255",2011
JFBN,F. J.,Book Notes,1975
GRABRA-2,"Felix Grayeff and Yuval Lurie and O. H. Green and Ashok Vohra and Herbert Moskowitz and F. G\""{u}nthner and Mark Vorobej",Book Reviews and Critical Studies,1983
BLACS-5,Patricia Blanchette,Critical Studies / Book Reviews,2003
MANKGA,Paolo Mancosu,"Kurt G\""{o}del and the Foundations of Mathematics: Horizons of Truth",2012
BASTPO-18,O. Bradley Bassler,The Principles of Mathematics Revisited,1997
RESTWT,Sal Restivo and Wenda K. Bauchspies,"The Will to Mathematics: Minds, Morals, and Numbers",2004
SPOBRA,Wolfgang Spohn,Book Reviews and Critical Studies,1981
Lawson1987-KEROAO,Angus Kerr{-}Lawson,"Order and Organism: Steps to a Whiteheadean Philosophy of Mathematics and the Natural Sciences Maurice Code Albany, Ny: State University of New York Press, 1985. Pp. X, 265. \$39.50, \$14.95 Paper",1987
BOYGDM-4,Carl Boyer,"Geschichte der Mathematik; Vol. Ii, von Fermat Und Descartes Bis Zum Ausbau der Neuen Methoden. Joseph E. Hofmanngeschichte der Mathematik; Vol.Iii, von den Auseinandersetzungen Um den Calculus Bis Zur Franzosischen Revolution",1958
ANATEO-2,George Anastaplo,The Ethics of Geometry: A Genealogy of Modernity by David Rapport Lachterman,1991
HOFROJ,Thomas Hofweber,"Review of John P. Burgess, \emph{Mathematics, Models, and Modality: Selected Philosophical Essays}",2010
LOWRNO,E. J. Lowe,"Review of F. P. Ramsey (M. C. Galavotti Ed.), \emph{Notes on Philosophy, Probability and Mathematics}",1997
CLIHNV,Andrew D. Cling,Harmless Naturalism,2001
DUNBRA,Charles E. M. Dunlop,Book Reviews and Critical Studies,1981
HAZBR,A. P. Hazen,Book Reviews,1993
MOHBNB,Oscar Mohl,Book Notes,1971
IRVBR-2,A. D. Irvine,Book Reviews,1997
DIGFLA,V. Di Gesu? and F. Masulli and Alfredo Petrosino,"Fuzzy Logic and Applications: 5Th International Workshop, Wilf 2003, Naples, Italy, October 9-11, 2003: Revised Selected Papers",2006
LARPME-2,Brendan Larvor,"Paolo Mancosu, Ed. The Philosophy of Mathematical Practice. Oxford: Oxford University Press, 2008. Isbn 978-0-19-929645-3. Pp. Xi \&Plus; 447: Critical Studies/Book Reviews",2010
FESGKL,Roberto Festa,"Review of G. Kampis, L. Kvasz, and M. St\""{o}ltzner (Eds.), \emph{Appraising Lakatos. Mathematics, Methodology and the Man}",2006
NEVBNB,Turner C. Nevitt,Book Notices,2009
BELHWR,J. L. Bell,"Hao Wang, ""Reflections on Kurt G\""{o}del""",1989
KOSGSE,M. R. Koss,"Giovanni Sommaruga, Ed. Foundational Theories of Classical and Constructive Mathematics. Dordrecht: Springer, 2011. Isbn 978-94-007-0430-5. Pp. Xi + 314",2012
LIETPM-3,Menno Lievers,"Tomasz Placek. Mathematical Intuitionism and Intersubjectivity. A Critical Exposition of Arguments for Intuitionism. Dordrecht: Kluwer Academic Publishers, 1999. Pp. Xii + 218. Isbn 0-7923-5630-6",2004
SHAHWR-2,S. Shanker,"Hao Wang, Reflections on Kurt G\""{o}del",1990
SILPPD-2,Matheus Silva,Papineau's Philosophical Devices [Review],2012
DIMDBG,Borislav Dimitrov,"Dimitrov, Borislav G. (1989). Quality of the Quantity?. Philosophic Thought Magazine, 3 - 1989, Institute of Philosophical Sciences, Bulgarian Academy of Science.",1989
KHLALJ,"Eckehart K\""{o}hler","A Logical Journey. From G\""{o}del to Philosophy",1999
BONRKF,C. L. Bonnet,"Reinhardt, Kurt F. ""A Realistic Philosophy""",1944
PARNTI,Karen Parshall,New Trends in the History and Philosophy of Mathematics,2005
ATTCSR-2,Mark Atten,Critical Studies/Book Reviews,2003
VEILDT,Helmut Veith,"Logical Dilemmas. The Life and Work of Kurt G\""{o}del",1998
GANSPE-2,S. Gandon,"Stephen Pollard Ed. Essays on the Foundations of Mathematics by Moritz Pasch. The Western Ontario Series in Philosophy of Science; 83. Dordrecht: Springer, 2010. Isbn 978-90-481-9415-5 . Pp. Xi \&Plus; 245: Critical Studies/Book Reviews",2011
ULLKGE,Wolfgang Ullrich,"Kurt G\""{o}del. Ein Mathematischer Mythos",1999
